ID, AUC, Val Loss, Morph Acc, Acronym Acc
e8155399,0.9420,1.3098,0.0000
e8155399,0.9415,1.3008,0.0000
e8155399,0.9436,1.3057,0.0000
e8155399,0.9438,1.3052,0.0000
e8155399,0.9443,1.3038,0.0000
e8155399,0.9450,1.3057,0.0000
e8155399,0.9452,1.2948,0.0000
e8155399,0.9454,1.2986,0.0000
e8155399,0.9473,1.2959,0.0000
e8155399,0.9463,1.2952,0.0000
e8155399,0.9481,1.2892,0.0000
e8155399,0.9465,1.2999,0.0000
e8155399,0.9477,1.2938,0.0000
e8155399,0.9462,1.2965,0.0000
e8155399,0.9471,1.2924,0.0000
e8155399,0.9482,1.2843,0.0000
e8155399,0.9480,1.2878,0.0000
e8155399,0.9475,1.2857,0.0000
e8155399,0.9483,1.2894,0.0000
e8155399,0.9487,1.2903,0.0000
e8155399,0.9474,1.2811,0.0000
e8155399,0.9485,1.2876,0.0000
e8155399,0.9494,1.2850,0.0000
e8155399,0.9489,1.2850,0.0000
e8155399,0.9507,1.2904,0.0000
e8155399,0.9478,1.2947,0.0000
e8155399,0.9502,1.2895,0.0000
e8155399,0.9497,1.2935,0.0000
e8155399,0.9510,1.2956,0.0000
e8155399,0.9496,1.2925,0.0000
e8155399,0.9485,1.3032,0.0000
e8155399,0.9484,1.2946,0.0000
e8155399,0.9477,1.2876,0.0000
e8155399,0.9495,1.2959,0.0000
e8155399,0.9486,1.2938,0.0000
e8155399,0.9503,1.3005,0.0000
e8155399,0.9485,1.3091,0.0000
e8155399,0.9485,1.3077,0.0000
e8155399,0.9481,1.3082,0.0000
e8155399,0.9476,1.3048,0.0000
e8155399,0.9481,1.2815,0.0000
e8155399,0.9492,1.2770,0.0000
e8155399,0.9479,1.2808,0.0000
e8155399,0.9493,1.2864,0.0000
e8155399,0.9494,1.2882,0.0000
e8155399,0.9486,1.2880,0.0000
e8155399,0.9495,1.2931,0.0000
e8155399,0.9495,1.2931,0.0000
e8155399,0.9480,1.2972,0.0000
e8155399,0.9488,1.2935,0.0000
e8155399,0.9504,1.2962,0.0000
e8155399,0.9484,1.2964,0.0000
e8155399,0.9501,1.2973,0.0000
e8155399,0.9511,1.2847,0.0000
e8155399,0.9489,1.2917,0.0000
e8155399,0.9498,1.2967,0.0000
e8155399,0.9484,1.3079,0.0000
e8155399,0.9502,1.2989,0.0000
e8155399,0.9501,1.2973,0.0000
e8155399,0.9493,1.3043,0.0000
287d642f,0.4897,1.8612,0.0,0.0
287d642f,0.6148,1.8369,0.0,0.0
287d642f,0.7123,1.7846,0.0,0.0
287d642f,0.7746,1.7159,0.0,0.0
287d642f,0.8180,1.6541,0.0,0.0
287d642f,0.8646,1.5915,0.0,0.0
287d642f,0.8840,1.5458,0.0,0.0
287d642f,0.8994,1.4992,0.0,0.0
287d642f,0.9080,1.4679,0.0,0.0
287d642f,0.9116,1.4447,0.0,0.0
287d642f,0.9172,1.4238,0.0,0.0
287d642f,0.9186,1.4016,0.0,0.0
287d642f,0.9224,1.3933,0.0,0.0
287d642f,0.9288,1.3748,0.0,0.0
287d642f,0.9303,1.3599,0.0,0.0
287d642f,0.9316,1.3512,0.0,0.0
287d642f,0.9328,1.3456,0.0,0.0
287d642f,0.9357,1.3350,0.0,0.0
287d642f,0.9365,1.3303,0.0,0.0
287d642f,0.9376,1.3174,0.0,0.0
c3adad75,0.7627,1.7041,0.0,0.0
ffbad412,0.9389,1.3113,0.0,0.0
ffbad412,0.9387,1.3081,0.0,0.0
c3adad75,0.8510,1.5579,0.0,0.0
ffbad412,0.9399,1.3035,0.0,0.0
c3adad75,0.8828,1.4476,0.0,0.0
ffbad412,0.9401,1.2970,0.0,0.0
c3adad75,0.8966,1.3817,0.0,0.0
ffbad412,0.9403,1.2862,0.0,0.0
ffbad412,0.9402,1.2860,0.0,0.0
c3adad75,0.9063,1.3129,0.0,0.0
ffbad412,0.9407,1.2875,0.0,0.0
c3adad75,0.9093,1.2822,0.0,0.0
ffbad412,0.9404,1.2872,0.0,0.0
ffbad412,0.9403,1.2873,0.0,0.0
c3adad75,0.9140,1.2629,0.0,0.0
ffbad412,0.9405,1.2799,0.0,0.0
c3adad75,0.9161,1.2271,0.0,0.0
ffbad412,0.9399,1.2827,0.0,0.0
ffbad412,0.9408,1.2797,0.0,0.0
c3adad75,0.9164,1.1948,0.0,0.0
ffbad412,0.9401,1.2870,0.0,0.0
c3adad75,0.9201,1.1835,0.0,0.0
ffbad412,0.9424,1.2761,0.0,0.0
ffbad412,0.9407,1.2762,0.0,0.0
c3adad75,0.9211,1.1729,0.0,0.0
ffbad412,0.9420,1.2702,0.0,0.0
c3adad75,0.9214,1.1656,0.0,0.0
ffbad412,0.9413,1.2705,0.0,0.0
ffbad412,0.9385,1.2752,0.0,0.0
c3adad75,0.9230,1.1557,0.0,0.0
ffbad412,0.9408,1.2626,0.0,0.0
c3adad75,0.9223,1.1377,0.0,0.0
ffbad412,0.9413,1.2685,0.0,0.0
c3adad75,0.9219,1.1464,0.0,0.0
c3adad75,0.9224,1.1378,0.0,0.0
c3adad75,0.9243,1.1269,0.0,0.0
c3adad75,0.9224,1.1286,0.0,0.0
c3adad75,0.9238,1.1252,0.0,0.0
c3adad75,0.9249,1.1144,0.0,0.0
2c66cab0,0.0000,1.9487,0.0,0.0
2c66cab0,0.4826,1.9488,0.0,0.0
2c66cab0,0.4921,1.9492,0.0,0.0
2c66cab0,0.5037,1.9484,0.0,0.0
2c66cab0,0.5072,1.9494,0.0,0.0
ced1e218,0.0000,0.0000,0.0,0.0
ced1e218,0.0000,0.0000,0.0,0.0
ced1e218,0.0000,0.0000,0.0,0.0
ced1e218,0.0000,0.0000,0.0,0.0
ced1e218,0.0000,0.0000,0.0,0.0
ced1e218,0.0000,0.0000,0.0,0.0
ced1e218,0.0000,0.0000,0.0,0.0
ced1e218,0.0000,0.0000,0.0,0.0
ced1e218,0.0000,0.0000,0.0,0.0
ced1e218,0.0000,0.0000,0.0,0.0
ced1e218,0.0000,0.0000,0.0,0.0
ced1e218,0.0000,0.0000,0.0,0.0
ced1e218,0.0000,0.0000,0.0,0.0
ced1e218,0.0000,0.0000,0.0,0.0
ced1e218,0.0000,0.0000,0.0,0.0
ced1e218,0.0000,0.0000,0.0,0.0
ced1e218,0.0000,0.0000,0.0,0.0
ced1e218,0.0000,0.0000,0.0,0.0
ced1e218,0.0000,0.0000,0.0,0.0
ced1e218,0.0000,0.0000,0.0,0.0
